     0.000000
  6.6552E+00  1.2670E-32  6.6655E-08  7.3932E-05  0.0000E+00  0.0000E+00  0.0000E+00  0.0000E+00  0.0000E+00  0.0000E+00
  6.6552E+00  4.6962E-33  6.9701E-08  2.0490E-05  0.0000E+00  0.0000E+00  0.0000E+00  0.0000E+00  0.0000E+00  0.0000E+00
     0.060000
  6.3285E+00  8.4846E-03  6.3082E-03  8.4885E-03  5.2763E-01 -2.8334E-04  7.9421E-01 -6.4858E-04  2.5089E-04  6.6423E-05
  6.3285E+00  1.8367E-02  2.1707E-02  6.9363E-03  5.2763E-01 -2.8334E-04  8.1614E-01  3.4691E-02  7.3080E-06  8.4312E-05
     0.120000
  5.9855E+00  3.1634E-02  2.1020E-02  2.9031E-02  5.5845E-01 -1.1749E-03  8.8287E-01 -2.6976E-03  1.2094E-03  3.5712E-04
  5.9855E+00  2.3280E-02  4.6215E-02  6.0677E-02  5.5845E-01 -1.1749E-03  9.1633E-01  3.1788E-02 -6.7645E-06  3.7591E-04
     0.180000
  5.8656E+00  6.7917E-02  4.7080E-02  6.0820E-02  3.3968E-01 -1.8477E-03  6.1309E-01 -4.2486E-03  4.3086E-04  7.2962E-04
  5.8656E+00  2.0127E-02  6.6324E-02  1.7762E-01  3.3968E-01 -1.8477E-03  6.4873E-01  2.4897E-02 -1.6726E-05  7.6955E-04
     0.240000
  5.8278E+00  1.1758E-01  8.8213E-02  1.1876E-01  1.4822E-01 -2.2034E-03  3.6728E-01 -5.0558E-03 -1.1470E-03  6.4790E-04
  5.8278E+00  1.7994E-02  8.7164E-02  3.2052E-01  1.4822E-01 -2.2034E-03  4.1142E-01 -1.2906E-02 -2.0397E-05  5.4104E-04
     0.300000
  5.8403E+00  1.8042E-01  1.3500E-01  1.8179E-01  9.7386E-02 -2.3587E-03  3.0552E-01 -5.3761E-03  9.8832E-04  5.3810E-04
  5.8403E+00  1.7125E-02  1.1882E-01  4.7027E-01  9.7386E-02 -2.3587E-03  3.4821E-01  1.8984E-02 -1.8370E-05  2.7292E-04
     0.360000
  5.8768E+00  2.5611E-01  1.8382E-01  2.4563E-01  1.6028E-01 -2.4165E-03  4.2026E-01 -5.4615E-03  9.5202E-04  7.3612E-04
  5.8768E+00  1.4912E-02  1.4610E-01  6.3787E-01  1.6028E-01 -2.4165E-03  4.5807E-01 -4.6572E-03 -1.4559E-05  4.2491E-04
     0.420000
  5.8959E+00  3.4218E-01  2.3663E-01  3.2718E-01  3.1181E-01 -2.9391E-03  6.7557E-01 -6.6113E-03 -1.3388E-03  7.7145E-04
  5.8959E+00  1.2787E-02  1.6687E-01  7.9764E-01  3.1181E-01 -2.9391E-03  6.9971E-01  7.7259E-03 -1.1684E-05  5.3992E-04
     0.480000
  5.8225E+00  4.3685E-01  3.0293E-01  4.2356E-01  3.3671E-01 -4.0033E-03  8.0162E-01 -9.0250E-03 -1.9303E-03  6.7336E-04
  5.8225E+00  1.3395E-02  2.4784E-01  9.9034E-01  3.3671E-01 -4.0033E-03  8.2192E-01  4.9336E-02 -1.4913E-05  6.0149E-04
     0.540000
  5.7770E+00  5.4262E-01  3.8721E-01  5.5123E-01  2.7861E-01 -4.6510E-03  7.7033E-01 -1.0505E-02 -1.6877E-03  7.2213E-04
  5.7770E+00  1.3853E-02  3.1252E-01  1.2577E+00  2.7861E-01 -4.6510E-03  7.9220E-01 -1.9001E-02 -1.6047E-05  7.4848E-04
     0.600000
  5.7485E+00  6.5977E-01  4.7447E-01  6.9908E-01  2.4563E-01 -4.9778E-03  7.4667E-01 -1.1215E-02 -1.0614E-03  8.3458E-04
  5.7485E+00  1.3668E-02  3.7028E-01  1.5208E+00  2.4563E-01 -4.9778E-03  7.5469E-01 -1.2624E-02 -1.7620E-05  7.6731E-04
     0.660000
  5.6975E+00  7.8585E-01  5.6902E-01  8.5852E-01  2.3044E-01 -4.8876E-03  7.6810E-01 -1.0981E-02 -1.2443E-03  9.0787E-04
  5.6975E+00  1.3982E-02  4.0155E-01  1.7736E+00  2.3044E-01 -4.8876E-03  7.6167E-01 -3.2680E-02 -1.7428E-05  6.5803E-04
     0.720000
  5.6609E+00  9.1998E-01  6.6966E-01  1.0399E+00  3.0473E-01 -5.2084E-03  9.1954E-01 -1.1688E-02 -5.7056E-03  9.3148E-04
  5.6609E+00  1.4891E-02  4.2417E-01  2.0423E+00  3.0473E-01 -5.2084E-03  8.8684E-01 -2.5500E-02 -1.5135E-05  6.0259E-04
     0.780000
  5.5963E+00  1.0618E+00  7.7748E-01  1.2297E+00  3.2555E-01 -5.9414E-03  1.0252E+00 -1.3315E-02 -4.1235E-03  8.9954E-04
  5.5963E+00  1.5574E-02  5.0199E-01  2.3315E+00  3.2555E-01 -5.9414E-03  9.7516E-01 -2.5395E-02 -1.6899E-05  7.7536E-04
     0.840000
  5.5421E+00  1.2098E+00  8.9861E-01  1.4534E+00  3.4061E-01 -6.2461E-03  1.1186E+00 -1.3953E-02 -2.0086E-03  1.0242E-03
  5.5421E+00  1.5972E-02  5.5464E-01  2.6324E+00  3.4061E-01 -6.2461E-03  1.0325E+00 -3.3582E-02 -1.8166E-05  9.7736E-04
     0.900000
  5.4786E+00  1.3639E+00  1.0394E+00  1.7083E+00  3.4206E-01 -6.7213E-03  1.2060E+00 -1.5049E-02 -7.9628E-03  1.0978E-03
  5.4786E+00  1.7085E-02  6.0283E-01  2.9591E+00  3.4206E-01 -6.7213E-03  1.0626E+00 -1.5976E-02 -1.7000E-05  9.1309E-04
     0.960000
  5.4144E+00  1.5235E+00  1.1951E+00  1.9780E+00  3.1757E-01 -7.1128E-03  1.2225E+00 -1.5977E-02 -1.1888E-02  1.0429E-03
  5.4144E+00  1.7345E-02  6.5375E-01  3.3230E+00  3.1757E-01 -7.1128E-03  1.0546E+00 -5.6919E-02 -1.5930E-05  7.5196E-04
     1.020000
  5.3727E+00  1.6878E+00  1.3508E+00  2.2740E+00  3.3119E-01 -7.2219E-03  1.2910E+00 -1.6186E-02 -1.0899E-02  1.0435E-03
  5.3727E+00  1.6516E-02  7.1274E-01  3.6619E+00  3.3119E-01 -7.2219E-03  1.0813E+00 -5.6850E-02 -1.8439E-05  6.6514E-04
     1.080000
  5.3329E+00  1.8554E+00  1.5144E+00  2.5934E+00  3.4277E-01 -7.1953E-03  1.3702E+00 -1.6122E-02 -1.1006E-02  1.1166E-03
  5.3329E+00  1.6497E-02  7.3785E-01  3.9836E+00  3.4277E-01 -7.1953E-03  1.0939E+00 -6.7788E-02 -2.2067E-05  7.2142E-04
     1.140000
  5.2870E+00  2.0262E+00  1.6870E+00  2.9339E+00  3.8923E-01 -7.7889E-03  1.5222E+00 -1.7524E-02 -1.3726E-02  1.2089E-03
  5.2870E+00  1.7437E-02  8.1175E-01  4.2990E+00  3.8923E-01 -7.7889E-03  1.1628E+00 -5.7438E-02 -2.6263E-05  8.9734E-04
     1.200000
  5.2237E+00  2.1989E+00  1.8770E+00  3.2884E+00  3.7670E-01 -8.3796E-03  1.5986E+00 -1.8930E-02 -1.4182E-02  1.2356E-03
  5.2237E+00  1.7942E-02  9.1009E-01  4.6337E+00  3.7670E-01 -8.3796E-03  1.1920E+00 -5.0055E-02 -2.8042E-05  1.1808E-03
     1.260000
  5.1713E+00  2.3727E+00  2.0821E+00  3.6812E+00  3.6448E-01 -8.1905E-03  1.6475E+00 -1.8536E-02 -1.6500E-02  1.2987E-03
  5.1713E+00  1.7527E-02  9.3264E-01  4.9860E+00  3.6448E-01 -8.1905E-03  1.1726E+00 -7.8045E-02 -2.2131E-05  1.0942E-03
     1.320000
  5.1262E+00  2.5464E+00  2.2969E+00  4.1139E+00  3.8923E-01 -8.4172E-03  1.7756E+00 -1.9155E-02 -2.1601E-02  1.3126E-03
  5.1262E+00  1.7638E-02  9.9572E-01  5.2951E+00  3.8923E-01 -8.4172E-03  1.1806E+00 -7.1615E-02 -2.0847E-05  8.6177E-04
     1.380000
  5.0851E+00  2.7191E+00  2.5192E+00  4.5527E+00  3.9681E-01 -8.7251E-03  1.8533E+00 -1.9956E-02 -2.1956E-02  1.2638E-03
  5.0851E+00  1.8560E-02  1.0733E+00  5.5809E+00  3.9681E-01 -8.7251E-03  1.1908E+00 -7.6324E-02 -2.3831E-05  8.7312E-04
     1.440000
  5.0393E+00  2.8915E+00  2.7465E+00  5.0126E+00  4.2025E-01 -8.9682E-03  1.9939E+00 -2.0544E-02 -2.4362E-02  1.2547E-03
  5.0393E+00  1.9399E-02  1.1495E+00  5.8769E+00  4.2025E-01 -8.9682E-03  1.2470E+00 -6.6673E-02 -2.5732E-05  9.8438E-04
     1.500000
  4.9848E+00  3.0631E+00  2.9944E+00  5.5054E+00  4.1634E-01 -9.3476E-03  2.1115E+00 -2.1546E-02 -2.5004E-02  1.1463E-03
  4.9848E+00  2.0346E-02  1.2073E+00  6.2106E+00  4.1634E-01 -9.3476E-03  1.2722E+00 -8.2418E-02 -2.8966E-05  9.1474E-04
     1.560000
  4.9442E+00  3.2336E+00  3.2548E+00  6.0314E+00  4.1527E-01 -9.5936E-03  2.2014E+00 -2.2232E-02 -2.5490E-02  1.1396E-03
  4.9442E+00  2.0728E-02  1.2812E+00  6.5450E+00  4.1527E-01 -9.5936E-03  1.2803E+00 -8.5376E-02 -3.1899E-05  8.7292E-04
     1.620000
  4.9098E+00  3.4020E+00  3.5218E+00  6.5917E+00  4.1101E-01 -9.7894E-03  2.2920E+00 -2.2826E-02 -2.9443E-02  1.2174E-03
  4.9098E+00  2.0615E-02  1.3606E+00  6.8676E+00  4.1101E-01 -9.7894E-03  1.2769E+00 -8.5400E-02 -3.5473E-05  9.9268E-04
     1.680000
  4.8810E+00  3.5679E+00  3.7962E+00  7.1766E+00  4.0702E-01 -9.9214E-03  2.3780E+00 -2.3323E-02 -3.5918E-02  1.2622E-03
  4.8810E+00  2.0965E-02  1.3914E+00  7.1883E+00  4.0702E-01 -9.9214E-03  1.2564E+00 -1.0131E-01 -3.5473E-05  1.0594E-03
     1.740000
  4.8533E+00  3.7311E+00  4.0767E+00  7.7842E+00  4.1562E-01 -1.0168E-02  2.5118E+00 -2.4053E-02 -3.6900E-02  1.2698E-03
  4.8533E+00  2.1848E-02  1.4658E+00  7.4695E+00  4.1562E-01 -1.0168E-02  1.2690E+00 -9.2262E-02 -3.5635E-05  1.1201E-03
     1.800000
  4.8288E+00  3.8932E+00  4.3663E+00  8.4233E+00  4.1909E-01 -1.0253E-02  2.6221E+00 -2.4405E-02 -3.7849E-02  1.2959E-03
  4.8288E+00  2.2651E-02  1.5422E+00  7.7467E+00  4.1909E-01 -1.0253E-02  1.2772E+00 -1.0334E-01 -3.5848E-05  1.2244E-03
     1.860000
  4.8091E+00  4.0539E+00  4.6602E+00  9.0936E+00  4.3388E-01 -1.0582E-02  2.7676E+00 -2.5331E-02 -4.3183E-02  1.2289E-03
  4.8091E+00  2.3293E-02  1.6056E+00  8.0207E+00  4.3388E-01 -1.0582E-02  1.3024E+00 -1.0431E-01 -3.4712E-05  1.0958E-03
     1.920000
  4.7908E+00  4.2120E+00  4.9658E+00  9.7927E+00  4.3247E-01 -1.0998E-02  2.8993E+00 -2.6513E-02 -4.2591E-02  1.0711E-03
  4.7908E+00  2.4125E-02  1.6794E+00  8.2960E+00  4.3247E-01 -1.0998E-02  1.3208E+00 -1.0820E-01 -3.6564E-05  9.9311E-04
     1.980000
  4.7823E+00  4.3674E+00  5.2797E+00  1.0526E+01  4.2995E-01 -1.1168E-02  3.0104E+00 -2.7084E-02 -4.3687E-02  1.0868E-03
  4.7823E+00  2.5050E-02  1.7483E+00  8.5730E+00  4.2995E-01 -1.1168E-02  1.3189E+00 -1.1314E-01 -3.7734E-05  1.0511E-03
     2.040000
  4.7763E+00  4.5208E+00  5.6011E+00  1.1289E+01  4.2654E-01 -1.1496E-02  3.1426E+00 -2.8109E-02 -4.9983E-02  1.1164E-03
  4.7763E+00  2.5945E-02  1.8248E+00  8.8442E+00  4.2654E-01 -1.1496E-02  1.3151E+00 -1.1586E-01 -3.8909E-05  1.1189E-03
     2.100000
  4.7783E+00  4.6721E+00  5.9301E+00  1.2079E+01  4.2040E-01 -1.1708E-02  3.2465E+00 -2.8878E-02 -5.3937E-02  1.0330E-03
  4.7783E+00  2.6869E-02  1.8783E+00  9.1072E+00  4.2040E-01 -1.1708E-02  1.2995E+00 -1.2700E-01 -3.9133E-05  1.1376E-03
     2.160000
  4.7861E+00  4.8220E+00  6.2603E+00  1.2896E+01  4.2585E-01 -1.1858E-02  3.3904E+00 -2.9415E-02 -5.5062E-02  9.2110E-04
  4.7861E+00  2.7701E-02  1.9487E+00  9.3338E+00  4.2585E-01 -1.1858E-02  1.3060E+00 -1.2286E-01 -3.8947E-05  1.0889E-03
     2.220000
  4.7978E+00  4.9708E+00  6.5995E+00  1.3751E+01  4.3278E-01 -1.2128E-02  3.5577E+00 -3.0272E-02 -5.6781E-02  8.2859E-04
  4.7978E+00  2.8600E-02  2.0232E+00  9.5615E+00  4.3278E-01 -1.2128E-02  1.3175E+00 -1.3447E-01 -3.9478E-05  1.0095E-03
     2.280000
  4.8202E+00  5.1182E+00  6.9458E+00  1.4644E+01  4.4114E-01 -1.2608E-02  3.7144E+00 -3.1659E-02 -6.0033E-02  7.8686E-04
  4.8202E+00  2.9625E-02  2.0962E+00  9.7830E+00  4.4114E-01 -1.2608E-02  1.3304E+00 -1.3817E-01 -4.3095E-05  1.0003E-03
     2.340000
  4.8463E+00  5.2647E+00  7.2993E+00  1.5562E+01  4.3815E-01 -1.3022E-02  3.8556E+00 -3.2921E-02 -6.2934E-02  8.3161E-04
  4.8463E+00  3.0570E-02  2.1804E+00  1.0014E+01  4.3815E-01 -1.3022E-02  1.3411E+00 -1.3916E-01 -4.6814E-05  1.1654E-03
     2.400000
  4.8784E+00  5.4108E+00  7.6619E+00  1.6515E+01  4.3709E-01 -1.3224E-02  4.0055E+00 -3.3659E-02 -6.9475E-02  9.7224E-04
  4.8784E+00  3.1480E-02  2.2570E+00  1.0255E+01  4.3709E-01 -1.3224E-02  1.3364E+00 -1.4997E-01 -4.5796E-05  1.2761E-03
     2.460000
  4.9174E+00  5.5570E+00  8.0336E+00  1.7504E+01  4.4207E-01 -1.3526E-02  4.1836E+00 -3.4644E-02 -7.3130E-02  9.4869E-04
  4.9174E+00  3.2700E-02  2.3383E+00  1.0467E+01  4.4207E-01 -1.3526E-02  1.3392E+00 -1.5122E-01 -4.4532E-05  1.2135E-03
     2.520000
  4.9657E+00  5.7032E+00  8.4148E+00  1.8529E+01  4.5155E-01 -1.3885E-02  4.3640E+00 -3.5779E-02 -7.2867E-02  7.9222E-04
  4.9657E+00  3.4243E-02  2.4209E+00  1.0665E+01  4.5155E-01 -1.3885E-02  1.3516E+00 -1.5924E-01 -4.2290E-05  1.0890E-03
     2.580000
  5.0210E+00  5.8497E+00  8.8039E+00  1.9588E+01  4.6245E-01 -1.4382E-02  4.5669E+00 -3.7233E-02 -7.6055E-02  6.7240E-04
  5.0210E+00  3.5946E-02  2.5125E+00  1.0854E+01  4.6245E-01 -1.4382E-02  1.3771E+00 -1.6292E-01 -4.3183E-05  1.0120E-03
     2.640000
  5.0822E+00  5.9969E+00  9.2076E+00  2.0684E+01  4.6563E-01 -1.4854E-02  4.7648E+00 -3.8643E-02 -8.0089E-02  6.6475E-04
  5.0822E+00  3.7723E-02  2.6058E+00  1.1054E+01  4.6563E-01 -1.4854E-02  1.4020E+00 -1.6975E-01 -4.4461E-05  1.0108E-03
     2.700000
  5.1526E+00  6.1455E+00  9.6240E+00  2.1826E+01  4.7276E-01 -1.5273E-02  4.9654E+00 -3.9911E-02 -8.5633E-02  7.5897E-04
  5.1526E+00  3.9612E-02  2.7008E+00  1.1255E+01  4.7276E-01 -1.5273E-02  1.4220E+00 -1.7328E-01 -4.4768E-05  1.0990E-03
     2.760000
  5.2301E+00  6.2962E+00  1.0053E+01  2.3004E+01  4.7660E-01 -1.5819E-02  5.1802E+00 -4.1547E-02 -9.1372E-02  7.7169E-04
  5.2301E+00  4.1685E-02  2.7994E+00  1.1464E+01  4.7660E-01 -1.5819E-02  1.4477E+00 -1.7856E-01 -4.5005E-05  1.1526E-03
     2.820000
  5.3193E+00  6.4492E+00  1.0497E+01  2.4223E+01  4.8111E-01 -1.6296E-02  5.3949E+00 -4.2998E-02 -9.6239E-02  6.9810E-04
  5.3193E+00  4.3700E-02  2.8849E+00  1.1683E+01  4.8111E-01 -1.6296E-02  1.4743E+00 -1.9016E-01 -4.1188E-05  9.9893E-04
     2.880000
  5.4194E+00  6.6052E+00  1.0953E+01  2.5488E+01  4.9091E-01 -1.6772E-02  5.6229E+00 -4.4414E-02 -9.8030E-02  5.8215E-04
  5.4194E+00  4.5788E-02  2.9737E+00  1.1901E+01  4.9091E-01 -1.6772E-02  1.5087E+00 -1.9611E-01 -4.1053E-05  8.7703E-04
     2.940000
  5.5280E+00  6.7645E+00  1.1422E+01  2.6797E+01  5.0329E-01 -1.7328E-02  5.8660E+00 -4.6055E-02 -9.9743E-02  5.0259E-04
  5.5280E+00  4.7994E-02  3.0686E+00  1.2130E+01  5.0329E-01 -1.7328E-02  1.5494E+00 -2.0713E-01 -4.2424E-05  8.6553E-04
     3.000000
  5.6476E+00  6.9279E+00  1.1905E+01  2.8153E+01  5.1653E-01 -1.7961E-02  6.1231E+00 -4.7898E-02 -1.0605E-01  5.4848E-04
  5.6476E+00  5.0212E-02  3.1710E+00  1.2362E+01  5.1653E-01 -1.7961E-02  1.5954E+00 -2.1398E-01 -4.2772E-05  8.9418E-04
     3.060000
  5.7789E+00  7.0961E+00  1.2405E+01  2.9556E+01  5.2850E-01 -1.8558E-02  6.3793E+00 -4.9645E-02 -1.1238E-01  6.1689E-04
  5.7789E+00  5.2453E-02  3.2748E+00  1.2609E+01  5.2850E-01 -1.8558E-02  1.6447E+00 -2.2188E-01 -4.2863E-05  9.2465E-04
     3.120000
  5.9208E+00  7.2696E+00  1.2919E+01  3.1009E+01  5.4616E-01 -1.9139E-02  6.6557E+00 -5.1330E-02 -1.1801E-01  6.4402E-04
  5.9208E+00  5.4857E-02  3.3821E+00  1.2868E+01  5.4616E-01 -1.9139E-02  1.6975E+00 -2.3036E-01 -4.1732E-05  8.7699E-04
     3.180000
  6.0714E+00  7.4485E+00  1.3452E+01  3.2513E+01  5.6353E-01 -1.9841E-02  6.9530E+00 -5.3362E-02 -1.2186E-01  6.2491E-04
  6.0714E+00  5.7585E-02  3.4910E+00  1.3138E+01  5.6353E-01 -1.9841E-02  1.7576E+00 -2.4006E-01 -4.1815E-05  8.3016E-04
     3.240000
  6.2346E+00  7.6334E+00  1.4004E+01  3.4069E+01  5.8254E-01 -2.0530E-02  7.2595E+00 -5.5359E-02 -1.2782E-01  6.2566E-04
  6.2346E+00  6.0619E-02  3.5976E+00  1.3424E+01  5.8254E-01 -2.0530E-02  1.8224E+00 -2.5167E-01 -4.1603E-05  7.6326E-04
     3.300000
  6.4104E+00  7.8254E+00  1.4577E+01  3.5681E+01  6.0465E-01 -2.1234E-02  7.5868E+00 -5.7365E-02 -1.3322E-01  6.4427E-04
  6.4104E+00  6.3843E-02  3.7216E+00  1.3719E+01  6.0465E-01 -2.1234E-02  1.8948E+00 -2.5963E-01 -4.1753E-05  7.4154E-04
     3.360000
  6.5984E+00  8.0248E+00  1.5171E+01  3.7355E+01  6.2980E-01 -2.1979E-02  7.9382E+00 -5.9471E-02 -1.3790E-01  6.7317E-04
  6.5984E+00  6.7246E-02  3.8498E+00  1.4031E+01  6.2980E-01 -2.1979E-02  1.9769E+00 -2.7302E-01 -4.0203E-05  7.3775E-04
     3.420000
  6.8001E+00  8.2322E+00  1.5789E+01  3.9096E+01  6.5815E-01 -2.2836E-02  8.3109E+00 -6.1882E-02 -1.4494E-01  7.3584E-04
  6.8001E+00  7.0884E-02  3.9791E+00  1.4355E+01  6.5815E-01 -2.2836E-02  2.0658E+00 -2.8446E-01 -3.7051E-05  6.8860E-04
     3.480000
  7.0157E+00  8.4483E+00  1.6432E+01  4.0901E+01  6.8409E-01 -2.3741E-02  8.6873E+00 -6.4446E-02 -1.5201E-01  7.7637E-04
  7.0157E+00  7.4615E-02  4.1234E+00  1.4705E+01  6.8409E-01 -2.3741E-02  2.1597E+00 -2.9645E-01 -3.6837E-05  6.5188E-04
     3.540000
  7.2470E+00  8.6741E+00  1.7099E+01  4.2774E+01  7.1482E-01 -2.4583E-02  9.0786E+00 -6.6820E-02 -1.6096E-01  7.8793E-04
  7.2470E+00  7.8384E-02  4.2802E+00  1.5081E+01  7.1482E-01 -2.4583E-02  2.2614E+00 -3.1107E-01 -3.7813E-05  5.6466E-04
     3.600000
  7.4922E+00  8.9103E+00  1.7789E+01  4.4719E+01  7.4883E-01 -2.5501E-02  9.4973E+00 -6.9383E-02 -1.6731E-01  7.6974E-04
  7.4922E+00  8.2441E-02  4.4396E+00  1.5482E+01  7.4883E-01 -2.5501E-02  2.3717E+00 -3.2565E-01 -3.8415E-05  4.8629E-04
     3.660000
  7.7528E+00  9.1577E+00  1.8506E+01  4.6738E+01  7.8555E-01 -2.6488E-02  9.9430E+00 -7.2133E-02 -1.7349E-01  7.8021E-04
  7.7528E+00  8.6795E-02  4.6051E+00  1.5907E+01  7.8555E-01 -2.6488E-02  2.4900E+00 -3.4153E-01 -3.7668E-05  4.5465E-04
     3.720000
  8.0301E+00  9.4173E+00  1.9252E+01  4.8839E+01  8.2553E-01 -2.7493E-02  1.0412E+01 -7.4926E-02 -1.8147E-01  8.3674E-04
  8.0301E+00  9.1289E-02  4.7854E+00  1.6354E+01  8.2553E-01 -2.7493E-02  2.6180E+00 -3.5436E-01 -3.6260E-05  4.2997E-04
     3.780000
  8.3217E+00  9.6901E+00  2.0029E+01  5.1026E+01  8.6915E-01 -2.8541E-02  1.0909E+01 -7.7822E-02 -1.8974E-01  9.2042E-04
  8.3217E+00  9.6154E-02  4.9757E+00  1.6833E+01  8.6915E-01 -2.8541E-02  2.7584E+00 -3.7179E-01 -3.4454E-05  4.1334E-04
     3.840000
  8.6298E+00  9.9768E+00  2.0838E+01  5.3304E+01  9.1655E-01 -2.9709E-02  1.1440E+01 -8.1023E-02 -1.9984E-01  1.0080E-03
  8.6298E+00  1.0153E-01  5.1785E+00  1.7346E+01  9.1655E-01 -2.9709E-02  2.9079E+00 -3.8993E-01 -3.4035E-05  3.7461E-04
     3.900000
  8.9568E+00  1.0279E+01  2.1683E+01  5.5673E+01  9.6192E-01 -3.0930E-02  1.1986E+01 -8.4378E-02 -2.0905E-01  1.0957E-03
  8.9568E+00  1.0710E-01  5.3963E+00  1.7896E+01  9.6192E-01 -3.0930E-02  3.0643E+00 -4.0644E-01 -3.3945E-05  3.2076E-04
     3.960000
  9.3023E+00  1.0597E+01  2.2564E+01  5.8143E+01  1.0128E+00 -3.2135E-02  1.2565E+01 -8.7670E-02 -2.2017E-01  1.1582E-03
  9.3023E+00  1.1284E-01  5.6221E+00  1.8487E+01  1.0128E+00 -3.2135E-02  3.2342E+00 -4.2812E-01 -3.4035E-05  2.2003E-04
     4.020000
  9.6668E+00  1.0932E+01  2.3483E+01  6.0722E+01  1.0675E+00 -3.3464E-02  1.3173E+01 -9.1289E-02 -2.2927E-01  1.1603E-03
  9.6668E+00  1.1899E-01  5.8543E+00  1.9125E+01  1.0675E+00 -3.3464E-02  3.4135E+00 -4.5086E-01 -3.4446E-05  1.1046E-04
     4.080000
  1.0053E+01  1.1285E+01  2.4441E+01  6.3408E+01  1.1240E+00 -3.4837E-02  1.3803E+01 -9.5016E-02 -2.3826E-01  1.2040E-03
  1.0053E+01  1.2537E-01  6.1053E+00  1.9807E+01  1.1240E+00 -3.4837E-02  3.6012E+00 -4.7300E-01 -3.3245E-05  7.1082E-05
     4.140000
  1.0460E+01  1.1659E+01  2.5440E+01  6.6209E+01  1.1859E+00 -3.6243E-02  1.4470E+01 -9.8817E-02 -2.5047E-01  1.2952E-03
  1.0460E+01  1.3200E-01  6.3755E+00  2.0532E+01  1.1859E+00 -3.6243E-02  3.8005E+00 -4.9563E-01 -3.2770E-05  6.2261E-05
     4.200000
  1.0887E+01  1.2053E+01  2.6482E+01  6.9130E+01  1.2497E+00 -3.7726E-02  1.5172E+01 -1.0281E-01 -2.6191E-01  1.3909E-03
  1.0887E+01  1.3902E-01  6.6577E+00  2.1307E+01  1.2497E+00 -3.7726E-02  4.0109E+00 -5.1963E-01 -3.2572E-05 -4.2469E-06
     4.260000
  1.1336E+01  1.2469E+01  2.7571E+01  7.2178E+01  1.3191E+00 -3.9263E-02  1.5918E+01 -1.0693E-01 -2.7452E-01  1.4995E-03
  1.1336E+01  1.4644E-01  6.9577E+00  2.2129E+01  1.3191E+00 -3.9263E-02  4.2346E+00 -5.4476E-01 -3.2165E-05 -9.7967E-05
     4.320000
  1.1809E+01  1.2910E+01  2.8710E+01  7.5363E+01  1.3924E+00 -4.0903E-02  1.6703E+01 -1.1132E-01 -2.8728E-01  1.6047E-03
  1.1809E+01  1.5431E-01  7.2719E+00  2.3005E+01  1.3924E+00 -4.0903E-02  4.4708E+00 -5.7170E-01 -3.1784E-05 -1.7040E-04
     4.380000
  1.2306E+01  1.3375E+01  2.9903E+01  7.8692E+01  1.4679E+00 -4.2640E-02  1.7525E+01 -1.1595E-01 -2.9962E-01  1.6925E-03
  1.2306E+01  1.6265E-01  7.6013E+00  2.3941E+01  1.4679E+00 -4.2640E-02  4.7192E+00 -6.0121E-01 -3.2026E-05 -2.5557E-04
     4.440000
  1.2828E+01  1.3867E+01  3.1151E+01  8.2169E+01  1.5467E+00 -4.4437E-02  1.8380E+01 -1.2074E-01 -3.1213E-01  1.7656E-03
  1.2828E+01  1.7131E-01  7.9519E+00  2.4937E+01  1.5467E+00 -4.4437E-02  4.9767E+00 -6.3091E-01 -3.3638E-05 -3.4177E-04
     4.500000
  1.3377E+01  1.4388E+01  3.2457E+01  8.5800E+01  1.6299E+00 -4.6295E-02  1.9275E+01 -1.2567E-01 -3.2661E-01  1.8666E-03
  1.3377E+01  1.8031E-01  8.3256E+00  2.5995E+01  1.6299E+00 -4.6295E-02  5.2464E+00 -6.6054E-01 -3.3094E-05 -4.2444E-04
     4.560000
  1.3952E+01  1.4938E+01  3.3826E+01  8.9596E+01  1.7169E+00 -4.8269E-02  2.0222E+01 -1.3089E-01 -3.4168E-01  1.9679E-03
  1.3952E+01  1.8980E-01  8.7201E+00  2.7115E+01  1.7169E+00 -4.8269E-02  5.5301E+00 -6.9422E-01 -3.2624E-05 -5.1625E-04
     4.620000
  1.4558E+01  1.5520E+01  3.5259E+01  9.3560E+01  1.8066E+00 -5.0303E-02  2.1202E+01 -1.3625E-01 -3.5505E-01  2.0705E-03
  1.4558E+01  1.9976E-01  9.1294E+00  2.8302E+01  1.8066E+00 -5.0303E-02  5.8221E+00 -7.2882E-01 -3.2371E-05 -6.2623E-04
     4.680000
  1.5192E+01  1.6135E+01  3.6759E+01  9.7703E+01  1.9030E+00 -5.2399E-02  2.2238E+01 -1.4175E-01 -3.7005E-01  2.1811E-03
  1.5192E+01  2.1010E-01  9.5635E+00  2.9552E+01  1.9030E+00 -5.2399E-02  6.1291E+00 -7.6193E-01 -3.2740E-05 -7.3578E-04
     4.740000
  1.5854E+01  1.6785E+01  3.8333E+01  1.0204E+02  2.0043E+00 -5.4662E-02  2.3336E+01 -1.4770E-01 -3.8648E-01  2.3004E-03
  1.5854E+01  2.2099E-01  1.0023E+01  3.0868E+01  2.0043E+00 -5.4662E-02  6.4523E+00 -7.9940E-01 -3.3474E-05 -8.3005E-04
     4.800000
  1.6550E+01  1.7473E+01  3.9985E+01  1.0657E+02  2.1066E+00 -5.7036E-02  2.4471E+01 -1.5393E-01 -4.0183E-01  2.4473E-03
  1.6550E+01  2.3252E-01  1.0503E+01  3.2257E+01  2.1066E+00 -5.7036E-02  6.7864E+00 -8.3837E-01 -3.4939E-05 -9.3756E-04
     4.860000
  1.7279E+01  1.8199E+01  4.1717E+01  1.1130E+02  2.2133E+00 -5.9458E-02  2.5650E+01 -1.6027E-01 -4.1683E-01  2.5851E-03
  1.7279E+01  2.4457E-01  1.1010E+01  3.3720E+01  2.2133E+00 -5.9458E-02  7.1309E+00 -8.7720E-01 -3.7854E-05 -1.0229E-03
     4.920000
  1.8041E+01  1.8967E+01  4.3533E+01  1.1625E+02  2.3250E+00 -6.2005E-02  2.6887E+01 -1.6692E-01 -4.3440E-01  2.7240E-03
  1.8041E+01  2.5706E-01  1.1542E+01  3.5259E+01  2.3250E+00 -6.2005E-02  7.4878E+00 -9.1862E-01 -3.8199E-05 -1.1500E-03
     4.980000
  1.8841E+01  1.9777E+01  4.5438E+01  1.2142E+02  2.4389E+00 -6.4686E-02  2.8180E+01 -1.7392E-01 -4.5224E-01  2.8802E-03
  1.8841E+01  2.7013E-01  1.2094E+01  3.6872E+01  2.4389E+00 -6.4686E-02  7.8573E+00 -9.6205E-01 -3.8851E-05 -1.3011E-03
     5.040000
  1.9678E+01  2.0633E+01  4.7433E+01  1.2682E+02  2.5577E+00 -6.7445E-02  2.9519E+01 -1.8111E-01 -4.6770E-01  3.0147E-03
  1.9678E+01  2.8386E-01  1.2673E+01  3.8561E+01  2.5577E+00 -6.7445E-02  8.2371E+00 -1.0067E+00 -4.0526E-05 -1.4313E-03
     5.100000
  2.0551E+01  2.1537E+01  4.9524E+01  1.3247E+02  2.6824E+00 -7.0333E-02  3.0923E+01 -1.8863E-01 -4.8569E-01  3.1269E-03
  2.0551E+01  2.9802E-01  1.3283E+01  4.0326E+01  2.6824E+00 -7.0333E-02  8.6315E+00 -1.0512E+00 -3.7991E-05 -1.6215E-03
     5.160000
  2.1465E+01  2.2490E+01  5.1717E+01  1.3836E+02  2.8102E+00 -7.3389E-02  3.2392E+01 -1.9659E-01 -5.0400E-01  3.2552E-03
  2.1465E+01  3.1274E-01  1.3919E+01  4.2169E+01  2.8102E+00 -7.3389E-02  9.0407E+00 -1.0991E+00 -3.6157E-05 -1.8424E-03
     5.220000
  2.2421E+01  2.3495E+01  5.4014E+01  1.4451E+02  2.9411E+00 -7.6555E-02  3.3906E+01 -2.0484E-01 -5.1997E-01  3.3732E-03
  2.2421E+01  3.2833E-01  1.4579E+01  4.4094E+01  2.9411E+00 -7.6555E-02  9.4602E+00 -1.1498E+00 -3.9160E-05 -2.0364E-03
     5.280000
  2.3419E+01  2.4555E+01  5.6419E+01  1.5093E+02  3.0762E+00 -7.9816E-02  3.5480E+01 -2.1331E-01 -5.3701E-01  3.4415E-03
  2.3419E+01  3.4444E-01  1.5269E+01  4.6102E+01  3.0762E+00 -7.9816E-02  9.8901E+00 -1.1995E+00 -3.8891E-05 -2.2498E-03
     5.340000
  2.4463E+01  2.5672E+01  5.8938E+01  1.5763E+02  3.2171E+00 -8.3227E-02  3.7123E+01 -2.2218E-01 -5.5593E-01  3.5502E-03
  2.4463E+01  3.6094E-01  1.5987E+01  4.8189E+01  3.2171E+00 -8.3227E-02  1.0332E+01 -1.2516E+00 -3.6235E-05 -2.4923E-03
     5.400000
  2.5554E+01  2.6849E+01  6.1571E+01  1.6461E+02  3.3616E+00 -8.6798E-02  3.8821E+01 -2.3148E-01 -5.7320E-01  3.6674E-03
  2.5554E+01  3.7833E-01  1.6732E+01  5.0356E+01  3.3616E+00 -8.6798E-02  1.0787E+01 -1.3048E+00 -3.7342E-05 -2.7305E-03
     5.460000
  2.6688E+01  2.8089E+01  6.4325E+01  1.7189E+02  3.5092E+00 -9.0477E-02  4.0586E+01 -2.4103E-01 -5.8957E-01  3.6958E-03
  2.6688E+01  3.9638E-01  1.7510E+01  5.2609E+01  3.5092E+00 -9.0477E-02  1.1255E+01 -1.3592E+00 -3.3707E-05 -3.0308E-03
     5.520000
  2.7874E+01  2.9393E+01  6.7206E+01  1.7948E+02  3.6636E+00 -9.4322E-02  4.2423E+01 -2.5105E-01 -6.0717E-01  3.7354E-03
  2.7874E+01  4.1486E-01  1.8318E+01  5.4943E+01  3.6636E+00 -9.4322E-02  1.1737E+01 -1.4162E+00 -2.7312E-05 -3.3930E-03
     5.580000
  2.9111E+01  3.0766E+01  7.0215E+01  1.8738E+02  3.8209E+00 -9.8347E-02  4.4316E+01 -2.6154E-01 -6.2328E-01  3.8043E-03
  2.9111E+01  4.3430E-01  1.9152E+01  5.7361E+01  3.8209E+00 -9.8347E-02  1.2231E+01 -1.4733E+00 -2.5606E-05 -3.7329E-03
     5.640000
  3.0398E+01  3.2211E+01  7.3356E+01  1.9560E+02  3.9805E+00 -1.0248E-01  4.6276E+01 -2.7228E-01 -6.4024E-01  3.7571E-03
  3.0398E+01  4.5454E-01  2.0018E+01  5.9869E+01  3.9805E+00 -1.0248E-01  1.2736E+01 -1.5328E+00 -1.8316E-05 -4.1538E-03
     5.700000
  3.1741E+01  3.3729E+01  7.6637E+01  2.0417E+02  4.1460E+00 -1.0676E-01  4.8307E+01 -2.8346E-01 -6.5579E-01  3.6382E-03
  3.1741E+01  4.7512E-01  2.0914E+01  6.2463E+01  4.1460E+00 -1.0676E-01  1.3254E+01 -1.5931E+00 -5.9139E-06 -4.6747E-03
     5.760000
  3.3141E+01  3.5326E+01  8.0059E+01  2.1308E+02  4.3166E+00 -1.1124E-01  5.0397E+01 -2.9516E-01 -6.6911E-01  3.5822E-03
  3.3141E+01  4.9650E-01  2.1843E+01  6.5140E+01  4.3166E+00 -1.1124E-01  1.3784E+01 -1.6526E+00  2.5573E-06 -5.1838E-03
     5.820000
  3.4595E+01  3.7003E+01  8.3624E+01  2.2234E+02  4.4892E+00 -1.1587E-01  5.2563E+01 -3.0724E-01 -6.8518E-01  3.4130E-03
  3.4595E+01  5.1882E-01  2.2804E+01  6.7908E+01  4.4892E+00 -1.1587E-01  1.4328E+01 -1.7159E+00  1.4898E-05 -5.7604E-03
     5.880000
  3.6108E+01  3.8765E+01  8.7343E+01  2.3198E+02  4.6651E+00 -1.2065E-01  5.4803E+01 -3.1979E-01 -6.9972E-01  3.1160E-03
  3.6108E+01  5.4157E-01  2.3790E+01  7.0771E+01  4.6651E+00 -1.2065E-01  1.4887E+01 -1.7809E+00  3.4544E-05 -6.4728E-03
     5.940000
  3.7684E+01  4.0615E+01  9.1217E+01  2.4198E+02  4.8470E+00 -1.2560E-01  5.7096E+01 -3.3278E-01 -7.1064E-01  2.8666E-03
  3.7684E+01  5.6503E-01  2.4809E+01  7.3726E+01  4.8470E+00 -1.2560E-01  1.5457E+01 -1.8462E+00  5.4133E-05 -7.2148E-03
     6.000000
  3.9322E+01  4.2557E+01  9.5245E+01  2.5237E+02  5.0320E+00 -1.3071E-01  5.9465E+01 -3.4615E-01 -7.2361E-01  2.5126E-03
  3.9322E+01  5.8939E-01  2.5858E+01  7.6775E+01  5.0320E+00 -1.3071E-01  1.6038E+01 -1.9120E+00  7.6537E-05 -8.0131E-03
     6.000000
  3.9322E+01  4.2557E+01  9.5245E+01  2.5237E+02  5.0320E+00 -1.3071E-01  5.9465E+01 -3.4615E-01 -7.2361E-01  2.5126E-03
  3.9322E+01  5.8939E-01  2.5858E+01  7.6775E+01  5.0320E+00 -1.3071E-01  1.6038E+01 -1.9120E+00  7.6537E-05 -8.0131E-03
