  1.74108E+01
  1.71696E+01
  1.69450E+01
  1.67444E+01
  1.65716E+01
  1.64270E+01
  1.63089E+01
  1.62144E+01
  1.61401E+01
  1.60827E+01
  1.60391E+01
  1.60065E+01
  1.59826E+01
  1.59650E+01
  1.59519E+01
  1.59414E+01
  1.59318E+01
  1.59214E+01
  1.59085E+01
  1.58913E+01
  1.58677E+01
  1.58357E+01
  1.57927E+01
  1.57361E+01
  1.56627E+01
  1.55692E+01
  1.54523E+01
  1.53090E+01
  1.51375E+01
  1.49380E+01
  1.47143E+01
  1.44737E+01
  1.42269E+01
  1.39858E+01
  1.37612E+01
  1.35605E+01
  1.33876E+01
  1.32429E+01
  1.31247E+01
  1.30301E+01
  1.29557E+01
  1.28982E+01
  1.28545E+01
  1.28219E+01
  1.27979E+01
  1.27803E+01
  1.27672E+01
  1.27567E+01
  1.27471E+01
  1.27367E+01
  1.27239E+01
  1.27066E+01
  1.26831E+01
  1.26512E+01
  1.26083E+01
  1.25518E+01
  1.24785E+01
  1.23852E+01
  1.22685E+01
  1.21254E+01
  1.19541E+01
  1.17550E+01
  1.15315E+01
  1.12911E+01
  1.10444E+01
  1.08034E+01
  1.05787E+01
  1.03780E+01
  1.02049E+01
  1.00601E+01
  9.94176E+00
  9.84698E+00
  9.77244E+00
  9.71482E+00
  9.67104E+00
  9.63834E+00
  9.61427E+00
  9.59663E+00
  9.58347E+00
  9.57296E+00
  9.56338E+00
  9.55303E+00
  9.54018E+00
  9.52304E+00
  9.49963E+00
  9.46779E+00
  9.42508E+00
  9.36876E+00
  9.29575E+00
  9.20275E+00
  9.08638E+00
  8.94370E+00
  8.77285E+00
  8.57417E+00
  8.35118E+00
  8.11124E+00
  7.86491E+00
  7.62408E+00
  7.39948E+00
  7.19868E+00
  7.02549E+00
  6.88044E+00
  6.76184E+00
  6.66680E+00
  6.59201E+00
  6.53417E+00
  6.49019E+00
  6.45732E+00
  6.43312E+00
  6.41538E+00
  6.40216E+00
  6.39162E+00
  6.38205E+00
  6.37175E+00
  6.35901E+00
  6.34200E+00
  6.31880E+00
  6.28722E+00
  6.24486E+00
  6.18896E+00
  6.11649E+00
  6.02415E+00
  5.90859E+00
  5.76687E+00
  5.59715E+00
  5.39972E+00
  5.17809E+00
  4.93950E+00
  4.69440E+00
  4.45458E+00
  4.23067E+00
  4.03025E+00
  3.85713E+00
  3.71192E+00
  3.59299E+00
  3.49752E+00
  3.42226E+00
  3.36395E+00
  3.31954E+00
  3.28628E+00
  3.26176E+00
  3.24380E+00
  3.23043E+00
  3.21984E+00
  3.21034E+00
  3.20023E+00
  3.18781E+00
  3.17130E+00
  3.14877E+00
  3.11811E+00
  3.07695E+00
  3.02262E+00
  2.95217E+00
  2.86243E+00
  2.75024E+00
  2.61287E+00
  2.44875E+00
  2.25852E+00
  2.04602E+00
  1.81887E+00
  1.58782E+00
  1.36495E+00
  1.16108E+00
  9.83874E-01
  8.37041E-01
  7.20725E-01
  6.32371E-01
  5.67751E-01
  5.21938E-01
  4.90150E-01
  4.68334E-01
  4.53409E-01
  4.43248E-01
  4.36491E-01
  4.32334E-01
  4.30347E-01
  4.30347E-01
  4.32334E-01
  4.36491E-01
  4.43248E-01
  4.53409E-01
  4.68334E-01
  4.90150E-01
  5.21938E-01
  5.67751E-01
  6.32371E-01
  7.20725E-01
  8.37041E-01
  9.83874E-01
  1.16108E+00
  1.36495E+00
  1.58782E+00
  1.81887E+00
  2.04602E+00
  2.25852E+00
  2.44875E+00
  2.61287E+00
  2.75024E+00
  2.86243E+00
  2.95217E+00
  3.02262E+00
  3.07695E+00
  3.11811E+00
  3.14877E+00
  3.17130E+00
  3.18781E+00
  3.20023E+00
  3.21034E+00
  3.21984E+00
  3.23043E+00
  3.24380E+00
  3.26176E+00
  3.28628E+00
  3.31953E+00
  3.36395E+00
  3.42226E+00
  3.49752E+00
  3.59299E+00
  3.71192E+00
  3.85713E+00
  4.03025E+00
  4.23067E+00
  4.45458E+00
  4.69440E+00
  4.93950E+00
  5.17809E+00
  5.39972E+00
  5.59715E+00
  5.76687E+00
  5.90859E+00
  6.02415E+00
  6.11649E+00
  6.18896E+00
  6.24486E+00
  6.28722E+00
  6.31880E+00
  6.34200E+00
  6.35901E+00
  6.37175E+00
  6.38205E+00
  6.39162E+00
  6.40216E+00
  6.41538E+00
  6.43312E+00
  6.45732E+00
  6.49019E+00
  6.53417E+00
  6.59201E+00
  6.66680E+00
  6.76184E+00
  6.88044E+00
  7.02549E+00
  7.19868E+00
  7.39948E+00
  7.62408E+00
  7.86491E+00
  8.11124E+00
  8.35118E+00
  8.57417E+00
  8.77285E+00
  8.94370E+00
  9.08638E+00
  9.20275E+00
  9.29575E+00
  9.36876E+00
  9.42508E+00
  9.46779E+00
  9.49963E+00
  9.52304E+00
  9.54018E+00
  9.55303E+00
  9.56338E+00
  9.57296E+00
  9.58347E+00
  9.59663E+00
  9.61427E+00
  9.63834E+00
  9.67104E+00
  9.71482E+00
  9.77244E+00
  9.84698E+00
  9.94176E+00
  1.00601E+01
  1.02049E+01
  1.03780E+01
  1.05787E+01
  1.08034E+01
  1.10444E+01
  1.12911E+01
  1.15315E+01
  1.17550E+01
  1.19541E+01
  1.21254E+01
  1.22685E+01
  1.23852E+01
  1.24785E+01
  1.25518E+01
  1.26083E+01
  1.26512E+01
  1.26831E+01
  1.27066E+01
  1.27239E+01
  1.27367E+01
  1.27471E+01
  1.27567E+01
  1.27672E+01
  1.27803E+01
  1.27979E+01
  1.28219E+01
  1.28545E+01
  1.28982E+01
  1.29557E+01
  1.30301E+01
  1.31247E+01
  1.32429E+01
  1.33876E+01
  1.35605E+01
  1.37612E+01
  1.39858E+01
  1.42269E+01
  1.44737E+01
  1.47143E+01
  1.49380E+01
  1.51375E+01
  1.53090E+01
  1.54523E+01
  1.55692E+01
  1.56627E+01
  1.57361E+01
  1.57927E+01
  1.58357E+01
  1.58677E+01
  1.58913E+01
  1.59085E+01
  1.59214E+01
  1.59318E+01
  1.59414E+01
  1.59519E+01
  1.59650E+01
  1.59826E+01
  1.60065E+01
  1.60391E+01
  1.60827E+01
  1.61401E+01
  1.62144E+01
  1.63089E+01
  1.64270E+01
  1.65716E+01
  1.67444E+01
  1.69450E+01
  1.71696E+01
  1.74108E+01
