&parameters
gridpoints =    32
q0 =   3.5000488054900001E+00
shat =   5.3592851488600002E-01
s0   =   4.7603239590748081E-01
minor_r=   6.8995100978799995E-01
major_R=   1.8440514603100000E+00
trpeps =   3.7414954226495045E-01
beta =   1.2364711268630972E-01
Lref =   0.0000000000000000E+00
Bref =   0.0000000000000000E+00
my_dpdx =   9.3335772370630621E-01
Cy =   6.2492903387232346E-01
Cxy =   1.0000000000000000E+00
thetaShift =   1.2566370614359174E+01
magn_geometry = 'miller'

sign_Ip_CW =   1
sign_Bt_CW =   1
/
  4.3969434201886437E-01 -2.3457546746348736E+00  5.2258627870894862E-04  1.8614141602620535E+01  2.6518360709122923E+00  1.2136639290209994E+00  1.6376714416020215E+00  2.3126759860580912E+00  0.0000000000000000E+00 -2.3716308367478507E-04  2.5280661412884982E+00  1.1541006459222880E+00  0.0000000000000000E+00 -2.2226788612156535E-03 -6.6309450957425042E-01 -1.1658808394336428E-04
  4.3870949306941714E-01 -2.2496265986259956E+00 -2.4842767395129826E-02  1.7634700571388180E+01  2.7820316168960555E+00  1.2150783705045130E+00  1.6357538671777090E+00  2.3093463162886856E+00  0.0000000000000000E+00 -1.9349309661051632E-02  2.5337240254331359E+00  1.1553913792428636E+00  0.0000000000000000E+00 -1.8030977324065178E-01 -6.6228306460461639E-01 -9.5202867231356427E-03
  4.3572718480498041E-01 -2.1470512781906597E+00 -5.1225156591804967E-02  1.6677474260064354E+01  2.9074191932033338E+00  1.2198603498773921E+00  1.6300305878170938E+00  2.2992622178567834E+00  0.0000000000000000E+00 -3.9111999843522149E-02  2.5507158236120051E+00  1.1592590799573730E+00  0.0000000000000000E+00 -3.5835469313835216E-01 -6.5981430510068040E-01 -1.9294252971718814E-02
  4.3051346549330660E-01 -2.0410612436040556E+00 -7.9560940200641125E-02  1.5774942625569397E+01  3.0339084919260029E+00  1.2293205159352321E+00  1.6203068281421180E+00  2.2818362644930565E+00  0.0000000000000000E+00 -6.0221951326988168E-02  2.5799502900833260E+00  1.1658834491454000E+00  0.0000000000000000E+00 -5.3628715788990555E-01 -6.5545629455237364E-01 -2.9841440257909864E-02
  4.2264662038663392E-01 -1.9338938890878969E+00 -1.1062386858468247E-01  1.4953284230464075E+01  3.1678502406601612E+00  1.2458400037919724E+00  1.6062407881216811E+00  2.2559718921207956E+00  0.0000000000000000E+00 -8.3491494642598224E-02  2.6230738233084887E+00  1.1755868644029865E+00  0.0000000000000000E+00 -7.1397280360036042E-01 -6.4877748534999480E-01 -4.1646075122527118E-02
  4.1146293457918309E-01 -1.8267054485825005E+00 -1.4484212357136975E-01  1.4233158426039024E+01  3.3162697825192566E+00  1.2731601719917895E+00  1.5873135603280961E+00  2.2198454887338808E+00  0.0000000000000000E+00 -1.0992760437150345E-01  2.6827119811550348E+00  1.1888758151696650E+00  0.0000000000000000E+00 -8.9116047226562256E-01 -6.3906259086968620E-01 -5.5334802708392340E-02
  3.9597258750151021E-01 -1.7189048908257538E+00 -1.8193751384879711E-01  1.3629524544838549E+01  3.4869796787490630E+00  1.3167208459727870E+00  1.5627808798812930E+00  2.1705071474885633E+00  0.0000000000000000E+00 -1.4084011892729240E-01  2.7628986065777292E+00  1.2065128222279400E+00  0.0000000000000000E+00 -1.0673952825301676E+00 -6.2515725484810558E-01 -7.1770434641428030E-02
  3.7474588167776202E-01 -1.6067671696778172E+00 -2.2019895269580531E-01  1.3148906008907268E+01  3.6879055167489998E+00  1.3838106792225449E+00  1.5315997005953590E+00  2.1031601385630361E+00  0.0000000000000000E+00 -1.7799180917308630E-01  2.8698336710257992E+00  1.2296395730120082E+00  0.0000000000000000E+00 -1.2418648889195170E+00 -6.0518089996258984E-01 -9.2206081974746862E-02
  3.4580560158236812E-01 -1.4806365572541045E+00 -2.5499974766037081E-01  1.2779741622641355E+01  3.9237046461494502E+00  1.4827376789847544E+00  1.4923208854691525E+00  2.0098664632338732E+00  0.0000000000000000E+00 -2.2379080589943803E-01  3.0132609024737063E+00  1.2599921411174746E+00  0.0000000000000000E+00 -1.4131110245840572E+00 -5.7597830101382075E-01 -1.1855209982535168E-01
  3.0671802073235693E-01 -1.3194071041722331E+00 -2.7575944357245497E-01  1.2463969375218966E+01  4.1841545903512163E+00  1.6185407378062533E+00  1.4429445360737172E+00  1.8773295144584905E+00  0.0000000000000000E+00 -2.8145235321373052E-01  3.2090961871611343E+00  1.3002918349424091E+00  0.0000000000000000E+00 -1.5784548711574211E+00 -5.3202079955913784E-01 -1.5385674777713687E-01
  2.5572967927200413E-01 -1.0803957959509367E+00 -2.5992554384832661E-01  1.2019696384361028E+01  4.4093438896988797E+00  1.7780423440212016E+00  1.3807744526847769E+00  1.6840654053557396E+00  0.0000000000000000E+00 -3.5471256504580539E-01  3.4847605597576559E+00  1.3549895308256532E+00  0.0000000000000000E+00 -1.7327731459331512E+00 -4.6308240294813713E-01 -2.0318560041834954E-01
  1.9756785563251703E-01 -6.8613428304514634E-01 -1.6303025669457527E-01  1.0969839105172680E+01  4.4049462831527251E+00  1.8895658284282610E+00  1.3025004898670562E+00  1.4043677869677444E+00  0.0000000000000000E+00 -4.4521525497397874E-01  3.8907675945019204E+00  1.4317497415990950E+00  0.0000000000000000E+00 -1.8656894628329674E+00 -3.4909302986544338E-01 -2.7513986310435279E-01
  1.6923116251854800E-01 -3.5730112832237988E-02  8.6907249293002198E-02  8.5952877592428401E+00  3.8330147516900754E+00  1.8054292465609583E+00  1.2055353574805907E+00  1.0662001789172013E+00  0.0000000000000000E+00 -5.4030375298927258E-01  4.5273803052800243E+00  1.5444468196948362E+00  0.0000000000000000E+00 -1.9546370808853741E+00 -1.4882749631081951E-01 -3.8351230116083845E-01
  3.4109297927980109E-01  9.3330312125252735E-01  5.8276295636652231E-01  6.0625428856599672E+00  3.1382858254677131E+00  1.7014317814444297E+00  1.0940002054152247E+00  8.1846222665088830E-01  0.0000000000000000E+00 -5.7626807928233970E-01  5.6040271617602384E+00  1.7183023551514820E+00  0.0000000000000000E+00 -1.9471942503017128E+00  2.1890301557567235E-01 -5.4145598350182034E-01
  1.2255567044930704E+00  2.1821721881873097E+00  1.3715004023244179E+00  4.6855350304102341E+00  2.7626779467340743E+00  1.6814184441857396E+00  9.9020917477918180E-01  5.9889670253452554E-01  0.0000000000000000E+00 -4.5673740355702619E-01  7.5090288712737667E+00  1.9890300894567721E+00  0.0000000000000000E+00 -1.7237787446991675E+00  8.5428490403327650E-01 -7.0409762756338024E-01
  3.0587878973967459E+00  2.3854214211563978E+00  1.5571038002609086E+00  2.1348372578543442E+00  1.3072099397131167E+00  8.3512616689987840E-01  9.1639025309722666E-01  4.5831827909000816E-01  0.0000000000000000E+00 -2.9676769780532347E-01  1.0385670230088603E+01  2.3391965694395798E+00  0.0000000000000000E+00 -1.0884500150542742E+00  1.6379093004997167E+00 -6.1322169501527402E-01
  4.1324889411474324E+00 -3.1384328483603584E-20 -2.2245152538817086E-20  1.8897062893267505E-01  5.8588921331195809E-02  2.6786174876616598E-02  8.8369623415852250E-01  3.6745508171696967E-01  0.0000000000000000E+00  2.7585165224157157E-15  1.2187514115857411E+01  2.5340024700980002E+00  0.0000000000000000E+00  4.1026044047333761E-15  2.0328524149941214E+00  2.7954411009946622E-15
  3.0587878973967766E+00 -2.3854214211563209E+00 -1.5571038002608772E+00  2.1348372578541999E+00  1.3072099397130383E+00  8.3512616689983710E-01  9.1639025309722555E-01  4.5831827908999839E-01  0.0000000000000000E+00  2.9676769780530970E-01  1.0385670230088468E+01  2.3391965694395860E+00  0.0000000000000000E+00  1.0884500150542573E+00  1.6379093004997287E+00  6.1322169501526702E-01
  1.2255567044930848E+00 -2.1821721881872773E+00 -1.3715004023244075E+00  4.6855350304100645E+00  2.7626779467339864E+00  1.6814184441856967E+00  9.9020917477918080E-01  5.9889670253449412E-01  0.0000000000000000E+00  4.5673740355706277E-01  7.5090288712734363E+00  1.9890300894567754E+00  0.0000000000000000E+00  1.7237787446991630E+00  8.5428490403328505E-01  7.0409762756338090E-01
  3.4109297927980764E-01 -9.3330312125254633E-01 -5.8276295636653375E-01  6.0625428856599468E+00  3.1382858254677122E+00  1.7014317814444342E+00  1.0940002054152231E+00  8.1846222665089585E-01  0.0000000000000000E+00  5.7626807928230561E-01  5.6040271617602988E+00  1.7183023551514855E+00  0.0000000000000000E+00  1.9471942503017114E+00  2.1890301557568023E-01  5.4145598350182300E-01
  1.6923116251854808E-01  3.5730112832239883E-02 -8.6907249293001407E-02  8.5952877592428170E+00  3.8330147516900626E+00  1.8054292465609523E+00  1.2055353574805892E+00  1.0662001789171667E+00  0.0000000000000000E+00  5.4030375298926181E-01  4.5273803052799586E+00  1.5444468196948375E+00  0.0000000000000000E+00  1.9546370808853748E+00 -1.4882749631081665E-01  3.8351230116083979E-01
  1.9756785563251608E-01  6.8613428304514112E-01  1.6303025669457358E-01  1.0969839105172694E+01  4.4049462831527393E+00  1.8895658284282681E+00  1.3025004898670565E+00  1.4043677869677844E+00  0.0000000000000000E+00  4.4521525497399606E-01  3.8907675945020119E+00  1.4317497415990945E+00  0.0000000000000000E+00  1.8656894628329681E+00 -3.4909302986544244E-01  2.7513986310435273E-01
  2.5572967927200174E-01  1.0803957959509178E+00  2.5992554384832023E-01  1.2019696384360950E+01  4.4093438896988610E+00  1.7780423440211996E+00  1.3807744526847749E+00  1.6840654053557345E+00  0.0000000000000000E+00  3.5471256504577919E-01  3.4847605597576417E+00  1.3549895308256552E+00  0.0000000000000000E+00  1.7327731459331555E+00 -4.6308240294813513E-01  2.0318560041835146E-01
  3.0671802073235555E-01  1.3194071041722193E+00  2.7575944357245041E-01  1.2463969375218898E+01  4.1841545903512003E+00  1.6185407378062506E+00  1.4429445360737159E+00  1.8773295144584807E+00  0.0000000000000000E+00  2.8145235321373696E-01  3.2090961871611237E+00  1.3002918349424102E+00  0.0000000000000000E+00  1.5784548711574258E+00 -5.3202079955913550E-01  1.5385674777713773E-01
  3.4580560158236812E-01  1.4806365572540967E+00  2.5499974766036726E-01  1.2779741622641284E+01  3.9237046461494280E+00  1.4827376789847484E+00  1.4923208854691521E+00  2.0098664632338825E+00  0.0000000000000000E+00  2.2379080589948855E-01  3.0132609024737191E+00  1.2599921411174748E+00  0.0000000000000000E+00  1.4131110245840586E+00 -5.7597830101382075E-01  1.1855209982535204E-01
  3.7474588167776113E-01  1.6067671696778136E+00  2.2019895269580481E-01  1.3148906008907261E+01  3.6879055167490007E+00  1.3838106792225466E+00  1.5315997005953585E+00  2.1031601385630232E+00  0.0000000000000000E+00  1.7799180917308349E-01  2.8698336710257872E+00  1.2296395730120087E+00  0.0000000000000000E+00  1.2418648889195214E+00 -6.0518089996258873E-01  9.2206081974747334E-02
  3.9597258750150971E-01  1.7189048908257401E+00  1.8193751384879189E-01  1.3629524544838450E+01  3.4869796787490390E+00  1.3167208459727844E+00  1.5627808798812928E+00  2.1705071474885660E+00  0.0000000000000000E+00  1.4084011892726192E-01  2.7628986065777266E+00  1.2065128222279395E+00  0.0000000000000000E+00  1.0673952825301696E+00 -6.2515725484810514E-01  7.1770434641428196E-02
  4.1146293457918304E-01  1.8267054485824938E+00  1.4484212357136689E-01  1.4233158426038962E+01  3.3162697825192398E+00  1.2731601719917862E+00  1.5873135603280950E+00  2.2198454887338919E+00  0.0000000000000000E+00  1.0992760437148201E-01  2.6827119811550508E+00  1.1888758151696650E+00  0.0000000000000000E+00  8.9116047226562356E-01 -6.3906259086968609E-01  5.5334802708392444E-02
  4.2264662038663392E-01  1.9338938890879107E+00  1.1062386858468889E-01  1.4953284230464206E+01  3.1678502406601967E+00  1.2458400037919768E+00  1.6062407881216820E+00  2.2559718921208027E+00  0.0000000000000000E+00  8.3491494642591202E-02  2.6230738233084923E+00  1.1755868644029863E+00  0.0000000000000000E+00  7.1397280360035675E-01 -6.4877748534999535E-01  4.1646075122526729E-02
  4.3051346549330649E-01  2.0410612436040316E+00  7.9560940200630523E-02  1.5774942625569178E+01  3.0339084919259496E+00  1.2293205159352278E+00  1.6203068281421182E+00  2.2818362644930645E+00  0.0000000000000000E+00  6.0221951326992866E-02  2.5799502900833335E+00  1.1658834491454004E+00  0.0000000000000000E+00  5.3628715788990589E-01 -6.5545629455237364E-01  2.9841440257909857E-02
  4.3572718480498041E-01  2.1470512781906597E+00  5.1225156591805140E-02  1.6677474260064351E+01  2.9074191932033338E+00  1.2198603498773921E+00  1.6300305878170935E+00  2.2992622178567808E+00  0.0000000000000000E+00  3.9111999843524287E-02  2.5507158236120029E+00  1.1592590799573728E+00  0.0000000000000000E+00  3.5835469313835544E-01 -6.5981430510068018E-01  1.9294252971718825E-02
  4.3870949306941698E-01  2.2496265986259947E+00  2.4842767395129611E-02  1.7634700571388176E+01  2.7820316168960550E+00  1.2150783705045123E+00  1.6357538671777090E+00  2.3093463162887247E+00  0.0000000000000000E+00  1.9349309661052493E-02  2.5337240254331790E+00  1.1553913792428636E+00  0.0000000000000000E+00  1.8030977324065664E-01 -6.6228306460461628E-01  9.5202867231357069E-03
