     0.000000
  2.6636E+00  4.1307E-34  3.6193E-08  4.1267E-03  0.0000E+00  0.0000E+00  0.0000E+00  0.0000E+00  0.0000E+00  0.0000E+00
  2.6636E+00  2.6589E-33  6.7491E-07  9.4004E-01  0.0000E+00  0.0000E+00  0.0000E+00  0.0000E+00  0.0000E+00  0.0000E+00
     0.078000
  2.3224E+00  4.9802E-05  1.1348E-03  4.3014E-03 -1.0252E-02  1.7219E-06 -1.1083E-02  4.5397E-06 -1.1761E-09 -2.1103E-07
  2.3224E+00  8.3627E-01  7.3592E-01  6.5399E-01 -1.0252E-02  1.7219E-06  3.9349E-02  1.2534E-02  7.6008E-07  9.7061E-07
     0.156000
  1.7999E+00  1.8974E-04  2.3652E-03  5.4563E-03 -2.1475E-02  1.3387E-05 -2.4380E-02  3.5641E-05 -2.1721E-09 -3.1653E-06
  1.7999E+00  8.8694E-01  1.2123E+00  5.6392E-01 -2.1475E-02  1.3387E-05  6.1318E-02  3.6815E-02  4.0072E-06  6.7272E-06
     0.234000
  1.4385E+00  4.0360E-04  4.0975E-03  7.5517E-03 -3.0932E-02  4.2066E-05 -3.4527E-02  1.1164E-04  1.6036E-07 -6.2858E-06
  1.4385E+00  6.1321E-01  1.2603E+00  4.5930E-01 -3.0932E-02  4.2066E-05  7.4252E-02  4.9655E-02  3.1688E-06  8.7459E-06
     0.312000
  1.2312E+00  6.7423E-04  6.4269E-03  1.0760E-02 -3.7820E-02  9.0880E-05 -4.0524E-02  2.3832E-04  5.9533E-07 -9.3017E-06
  1.2312E+00  4.3543E-01  1.0946E+00  3.8083E-01 -3.7820E-02  9.0880E-05  8.8061E-02  5.5052E-02  1.2393E-06  1.0371E-05
     0.390000
  1.0066E+00  9.8871E-04  9.2888E-03  1.5168E-02 -4.2063E-02  1.5839E-04 -4.2544E-02  4.0812E-04  8.3036E-07 -6.1850E-06
  1.0066E+00  4.3118E-01  1.2889E+00  3.7561E-01 -4.2063E-02  1.5839E-04  9.2638E-02  5.8258E-02  1.1860E-06  3.1044E-06
     0.468000
  8.1018E-01  1.3444E-03  1.2567E-02  2.0692E-02 -4.3574E-02  2.3786E-04 -4.0687E-02  6.0170E-04  1.7506E-06 -1.4271E-05
  8.1018E-01  3.9254E-01  1.5258E+00  4.2468E-01 -4.3574E-02  2.3786E-04  8.9310E-02  4.6190E-02  4.5846E-07  1.2480E-05
     0.546000
  6.6456E-01  1.7468E-03  1.6173E-02  2.7179E-02 -4.2808E-02  3.2347E-04 -3.5892E-02  8.0658E-04  2.0133E-06 -1.5621E-05
  6.6456E-01  3.2085E-01  1.6302E+00  4.6414E-01 -4.2808E-02  3.2347E-04  8.8979E-02  8.0104E-02 -2.8485E-07 -6.0189E-07
     0.624000
  5.9527E-01  2.1839E-03  1.9994E-02  3.4460E-02 -4.0086E-02  4.0802E-04 -2.8558E-02  1.0076E-03  5.6489E-07 -8.3948E-06
  5.9527E-01  2.9742E-01  1.4779E+00  4.9309E-01 -4.0086E-02  4.0802E-04  8.8093E-02  2.7304E-02 -3.2469E-07 -1.4728E-05
     0.702000
  5.5395E-01  2.6554E-03  2.3868E-02  4.2447E-02 -3.5463E-02  4.8519E-04 -1.9049E-02  1.1873E-03 -1.0158E-07 -6.4160E-07
  5.5395E-01  2.1599E-01  1.3756E+00  5.2242E-01 -3.5463E-02  4.8519E-04  8.2396E-02 -1.5924E-02 -2.4651E-07 -1.6406E-05
     0.780000
  5.0155E-01  3.1636E-03  2.7706E-02  5.0977E-02 -3.0088E-02  5.4811E-04 -8.8373E-03  1.3298E-03 -6.3453E-07  4.5967E-06
  5.0155E-01  1.5953E-01  1.3566E+00  5.4444E-01 -3.0088E-02  5.4811E-04  8.1797E-02  3.7559E-02 -1.6262E-06 -1.0090E-05
     0.858000
  4.4866E-01  3.6968E-03  3.1458E-02  5.9793E-02 -2.4712E-02  5.9556E-04  9.7281E-04  1.4285E-03  9.9865E-07  6.8228E-07
  4.4866E-01  1.4426E-01  1.3869E+00  5.7558E-01 -2.4712E-02  5.9556E-04  8.5509E-02  2.9113E-02 -1.4207E-06 -1.3477E-05
     0.936000
  4.0292E-01  4.2375E-03  3.5119E-02  6.8802E-02 -1.9590E-02  6.0829E-04  9.9202E-03  1.4443E-03  4.8159E-06 -7.3569E-06
  4.0292E-01  1.4474E-01  1.3913E+00  6.1607E-01 -1.9590E-02  6.0829E-04  8.6262E-02  6.4184E-03 -1.1317E-06 -6.2203E-06
     1.014000
  3.6400E-01  4.7869E-03  3.8706E-02  7.7667E-02 -1.5218E-02  5.9741E-04  1.7214E-02  1.4066E-03  6.4089E-06 -7.4190E-06
  3.6400E-01  1.0604E-01  1.3564E+00  6.4635E-01 -1.5218E-02  5.9741E-04  8.6234E-02  2.9277E-02 -1.3538E-06  1.6968E-07
     1.092000
  3.2139E-01  5.3497E-03  4.2229E-02  8.6215E-02 -1.1529E-02  5.6746E-04  2.3048E-02  1.3211E-03  1.5322E-06  2.0696E-06
  3.2139E-01  9.3584E-02  1.3034E+00  6.5713E-01 -1.1529E-02  5.6746E-04  8.2859E-02  3.2783E-02 -1.6471E-06 -4.4074E-06
     1.170000
  2.9451E-01  5.9250E-03  4.5751E-02  9.4335E-02 -8.3624E-03  5.1822E-04  2.7524E-02  1.1889E-03 -6.4251E-06  1.2893E-05
  2.9451E-01  9.2317E-02  1.2408E+00  6.7024E-01 -8.3624E-03  5.1822E-04  7.8913E-02  7.0906E-02 -1.4912E-06 -1.5766E-05
     1.248000
  2.7400E-01  6.5053E-03  4.9311E-02  1.0196E-01 -5.9158E-03  4.5557E-04  3.0446E-02  1.0240E-03 -1.1159E-05  1.5806E-05
  2.7400E-01  8.7748E-02  1.2205E+00  6.6227E-01 -5.9158E-03  4.5557E-04  6.9036E-02  6.9486E-02 -1.9445E-06 -2.1736E-05
     1.326000
  2.5602E-01  7.0761E-03  5.2915E-02  1.0915E-01 -4.4187E-03  3.8088E-04  3.1854E-02  8.3328E-04 -1.0874E-05  1.3165E-05
  2.5602E-01  8.0148E-02  1.1839E+00  6.5664E-01 -4.4187E-03  3.8088E-04  6.2247E-02  2.7312E-02 -2.1187E-06 -1.8786E-05
     1.404000
  2.4033E-01  7.6437E-03  5.6584E-02  1.1592E-01 -3.6792E-03  3.0497E-04  3.2225E-02  6.4909E-04 -6.7583E-06  1.2568E-05
  2.4033E-01  7.7013E-02  1.1239E+00  6.5059E-01 -3.6792E-03  3.0497E-04  5.6331E-02  1.3623E-02 -1.7351E-06 -2.2687E-05
     1.482000
  2.3206E-01  8.2097E-03  6.0351E-02  1.2228E-01 -3.2862E-03  2.4077E-04  3.2206E-02  4.9369E-04 -2.1743E-06  1.5066E-05
  2.3206E-01  7.5180E-02  1.0658E+00  6.3876E-01 -3.2862E-03  2.4077E-04  4.9829E-02  4.6721E-03 -1.1941E-06 -2.7450E-05
     1.560000
  2.2764E-01  8.7745E-03  6.4253E-02  1.2832E-01 -2.9539E-03  1.9207E-04  3.2268E-02  3.7441E-04  9.7773E-07  1.7468E-05
  2.2764E-01  6.8000E-02  1.0042E+00  6.2441E-01 -2.9539E-03  1.9207E-04  4.5741E-02 -5.4895E-03 -9.4268E-07 -2.2562E-05
     1.638000
  2.1896E-01  9.3355E-03  6.8326E-02  1.3420E-01 -2.4324E-03  1.5408E-04  3.2801E-02  2.8414E-04  2.2094E-06  1.6814E-05
  2.1896E-01  6.6093E-02  9.3442E-01  6.0847E-01 -2.4324E-03  1.5408E-04  4.2862E-02 -5.7968E-03 -5.8777E-07 -1.7872E-05
     1.716000
  2.0788E-01  9.8841E-03  7.2576E-02  1.4000E-01 -1.6439E-03  1.3039E-04  3.3786E-02  2.2861E-04  2.6337E-06  1.5136E-05
  2.0788E-01  6.7288E-02  8.7590E-01  6.0156E-01 -1.6439E-03  1.3039E-04  4.1346E-02  9.9095E-03 -5.8965E-07 -9.7324E-06
     1.794000
  1.9561E-01  1.0423E-02  7.6969E-02  1.4576E-01 -5.1001E-04  1.2248E-04  3.5318E-02  2.1058E-04  3.5245E-06  1.3930E-05
  1.9561E-01  6.4767E-02  8.2391E-01  6.0178E-01 -5.1001E-04  1.2248E-04  4.0293E-02  2.6574E-02 -6.1081E-07  3.5935E-07
     1.872000
  1.8458E-01  1.0943E-02  8.1458E-02  1.5154E-01  9.7446E-04  1.2433E-04  3.7352E-02  2.1542E-04  6.7785E-06  1.3228E-05
  1.8458E-01  5.8885E-02  7.8477E-01  6.0224E-01  9.7446E-04  1.2433E-04  3.9978E-02  4.3579E-02 -7.8514E-07  6.3770E-06
     1.950000
  1.7559E-01  1.1440E-02  8.5973E-02  1.5728E-01  2.6894E-03  1.3693E-04  3.9580E-02  2.4413E-04  1.2490E-05  1.2086E-05
  1.7559E-01  5.5102E-02  7.4154E-01  6.0443E-01  2.6894E-03  1.3693E-04  3.9761E-02  4.6439E-02 -6.1964E-07  9.4545E-06
     2.028000
  1.6607E-01  1.1908E-02  9.0423E-02  1.6287E-01  4.5647E-03  1.6482E-04  4.1734E-02  3.0582E-04  1.9466E-05  9.8861E-06
  1.6607E-01  5.2779E-02  6.9575E-01  6.0008E-01  4.5647E-03  1.6482E-04  3.9511E-02  4.6300E-02 -3.9905E-07  1.1907E-05
     2.106000
  1.5899E-01  1.2369E-02  9.4699E-02  1.6816E-01  6.5654E-03  2.0108E-04  4.3718E-02  3.8868E-04  2.5584E-05  6.6917E-06
  1.5899E-01  4.6022E-02  6.5221E-01  5.9231E-01  6.5654E-03  2.0108E-04  3.9434E-02  4.3376E-02 -3.5631E-07  1.3134E-05
     2.184000
  1.5253E-01  1.2808E-02  9.8688E-02  1.7289E-01  8.6491E-03  2.4443E-04  4.5272E-02  4.8475E-04  2.8137E-05  2.8789E-06
  1.5253E-01  4.2062E-02  6.0035E-01  5.8460E-01  8.6491E-03  2.4443E-04  4.0088E-02  4.4876E-02 -2.0671E-07  1.3424E-05
     2.262000
  1.4760E-01  1.3230E-02  1.0226E-01  1.7678E-01  1.0838E-02  2.9105E-04  4.6235E-02  5.8713E-04  2.5423E-05 -3.7021E-07
  1.4760E-01  3.7435E-02  5.5643E-01  5.7588E-01  1.0838E-02  2.9105E-04  4.1861E-02  5.2648E-02  1.3909E-07  1.4826E-05
     2.340000
  1.4457E-01  1.3624E-02  1.0528E-01  1.7957E-01  1.3061E-02  3.3544E-04  4.6445E-02  6.8382E-04  1.7538E-05 -2.6218E-06
  1.4457E-01  3.3648E-02  5.1897E-01  5.6782E-01  1.3061E-02  3.3544E-04  4.4046E-02  5.9255E-02  2.5365E-07  1.5824E-05
     2.418000
  1.4414E-01  1.3987E-02  1.0761E-01  1.8101E-01  1.5256E-02  3.7813E-04  4.5771E-02  7.7485E-04  5.8981E-06 -4.5657E-06
  1.4414E-01  2.9420E-02  4.8573E-01  5.6088E-01  1.5256E-02  3.7813E-04  4.5977E-02  6.6600E-02  2.4314E-07  1.3414E-05
     2.496000
  1.4624E-01  1.4315E-02  1.0914E-01  1.8092E-01  1.7302E-02  4.1575E-04  4.4204E-02  8.5488E-04 -7.3127E-06 -6.8893E-06
  1.4624E-01  2.6281E-02  4.5627E-01  5.5277E-01  1.7302E-02  4.1575E-04  4.7355E-02  7.3849E-02  1.0400E-07  1.3790E-05
     2.574000
  1.4955E-01  1.4616E-02  1.0977E-01  1.7921E-01  1.9039E-02  4.4754E-04  4.1775E-02  9.2860E-04 -1.9895E-05 -9.1482E-06
  1.4955E-01  2.3761E-02  4.2839E-01  5.4308E-01  1.9039E-02  4.4754E-04  4.8788E-02  7.6262E-02 -2.2737E-08  1.3761E-05
     2.652000
  1.5251E-01  1.4895E-02  1.0947E-01  1.7588E-01  2.0302E-02  4.6927E-04  3.8603E-02  9.9150E-04 -3.0276E-05 -1.0643E-05
  1.5251E-01  2.2344E-02  4.0758E-01  5.3427E-01  2.0302E-02  4.6927E-04  5.0544E-02  7.4724E-02 -5.2000E-08  1.2879E-05
     2.730000
  1.5472E-01  1.5129E-02  1.0825E-01  1.7095E-01  2.0973E-02  4.8209E-04  3.4802E-02  1.0394E-03 -3.7284E-05 -1.1212E-05
  1.5472E-01  2.1431E-02  3.8337E-01  5.2836E-01  2.0973E-02  4.8209E-04  5.1687E-02  7.0502E-02 -6.4275E-08  1.0755E-05
     2.808000
  1.5537E-01  1.5311E-02  1.0615E-01  1.6462E-01  2.1096E-02  4.9671E-04  3.0561E-02  1.0882E-03 -4.0799E-05 -1.0752E-05
  1.5537E-01  2.2041E-02  3.6152E-01  5.2503E-01  2.1096E-02  4.9671E-04  5.1916E-02  6.7572E-02 -1.0576E-08  7.8762E-06
     2.886000
  1.5488E-01  1.5460E-02  1.0323E-01  1.5717E-01  2.0761E-02  5.1819E-04  2.6187E-02  1.1489E-03 -4.1191E-05 -8.9977E-06
  1.5488E-01  2.2526E-02  3.4351E-01  5.2152E-01  2.0761E-02  5.1819E-04  5.1091E-02  6.0945E-02  3.5681E-08  5.9795E-06
     2.964000
  1.5401E-01  1.5577E-02  9.9609E-02  1.4898E-01  2.0031E-02  5.4545E-04  2.1962E-02  1.2154E-03 -3.9270E-05 -5.7602E-06
  1.5401E-01  2.1955E-02  3.3134E-01  5.1736E-01  2.0031E-02  5.4545E-04  4.9122E-02  5.4218E-02  6.5708E-09  2.7106E-06
     3.042000
  1.5345E-01  1.5659E-02  9.5447E-02  1.4044E-01  1.8987E-02  5.8206E-04  1.8104E-02  1.2897E-03 -3.5743E-05 -1.5797E-06
  1.5345E-01  2.1143E-02  3.2563E-01  5.1277E-01  1.8987E-02  5.8206E-04  4.6644E-02  5.1070E-02 -4.4669E-08 -8.0766E-07
     3.120000
  1.5291E-01  1.5710E-02  9.0931E-02  1.3195E-01  1.7730E-02  6.3151E-04  1.4789E-02  1.3776E-03 -3.1218E-05  2.4558E-06
  1.5291E-01  1.9858E-02  3.1849E-01  5.0739E-01  1.7730E-02  6.3151E-04  4.3633E-02  5.0061E-02 -8.5535E-08 -3.9313E-06
     3.198000
  1.5189E-01  1.5739E-02  8.6252E-02  1.2389E-01  1.6350E-02  6.9402E-04  1.2081E-02  1.4835E-03 -2.6022E-05  5.7436E-06
  1.5189E-01  1.8348E-02  3.1567E-01  5.0022E-01  1.6350E-02  6.9402E-04  3.9750E-02  5.2485E-02 -1.1051E-07 -6.1468E-06
     3.276000
  1.5064E-01  1.5758E-02  8.1578E-02  1.1650E-01  1.4887E-02  7.6670E-04  9.9142E-03  1.6092E-03 -2.0505E-05  8.0596E-06
  1.5064E-01  1.7249E-02  3.1740E-01  4.9221E-01  1.4887E-02  7.6670E-04  3.5469E-02  5.5274E-02 -9.4759E-08 -8.1612E-06
     3.354000
  1.4935E-01  1.5780E-02  7.7037E-02  1.0992E-01  1.3329E-02  8.4643E-04  8.0903E-03  1.7588E-03 -1.5186E-05  9.5255E-06
  1.4935E-01  1.6495E-02  3.1589E-01  4.8554E-01  1.3329E-02  8.4643E-04  3.0963E-02  5.5009E-02 -5.5103E-08 -9.1119E-06
     3.432000
  1.4776E-01  1.5813E-02  7.2699E-02  1.0412E-01  1.1640E-02  9.2936E-04  6.3483E-03  1.9357E-03 -1.0581E-05  1.0363E-05
  1.4776E-01  1.6256E-02  3.1240E-01  4.8189E-01  1.1640E-02  9.2936E-04  2.5994E-02  5.1565E-02 -1.2576E-08 -8.4589E-06
     3.510000
  1.4619E-01  1.5873E-02  6.8579E-02  9.8983E-02  9.7725E-03  1.0109E-03  4.4152E-03  2.1429E-03 -7.1532E-06  1.0758E-05
  1.4619E-01  1.5756E-02  3.0837E-01  4.7878E-01  9.7725E-03  1.0109E-03  2.0735E-02  4.9134E-02  3.6570E-08 -8.2682E-06
     3.588000
  1.4465E-01  1.5970E-02  6.4640E-02  9.4329E-02  7.6857E-03  1.0854E-03  2.0796E-03  2.3780E-03 -5.2745E-06  1.0742E-05
  1.4465E-01  1.5081E-02  3.0403E-01  4.7296E-01  7.6857E-03  1.0854E-03  1.5123E-02  4.5972E-02  6.4840E-08 -8.3230E-06
     3.666000
  1.4293E-01  1.6101E-02  6.0815E-02  8.9956E-02  5.3651E-03  1.1477E-03 -7.3773E-04  2.6337E-03 -4.9497E-06  1.0272E-05
  1.4293E-01  1.4511E-02  3.0018E-01  4.6383E-01  5.3651E-03  1.1477E-03  9.3853E-03  4.4628E-02  8.6845E-08 -8.3770E-06
     3.744000
  1.4075E-01  1.6266E-02  5.7044E-02  8.5707E-02  2.8371E-03  1.1970E-03 -3.9280E-03  2.9058E-03 -5.8484E-06  9.2340E-06
  1.4075E-01  1.3835E-02  2.9900E-01  4.5284E-01  2.8371E-03  1.1970E-03  4.0442E-03  4.6786E-02  1.0588E-07 -8.8145E-06
     3.822000
  1.3788E-01  1.6456E-02  5.3311E-02  8.1535E-02  1.9911E-04  1.2338E-03 -7.1449E-03  3.1884E-03 -7.5835E-06  7.5166E-06
  1.3788E-01  1.3420E-02  3.0086E-01  4.4247E-01  1.9911E-04  1.2338E-03 -5.2182E-04  4.7848E-02  1.1353E-07 -8.4652E-06
     3.900000
  1.3428E-01  1.6666E-02  4.9678E-02  7.7531E-02 -2.3871E-03  1.2595E-03 -9.8737E-03  3.4741E-03 -9.7076E-06  5.0764E-06
  1.3428E-01  1.3231E-02  3.0503E-01  4.3315E-01 -2.3871E-03  1.2595E-03 -3.9082E-03  4.7464E-02  1.1624E-07 -7.8063E-06

