&parameters
gridpoints =    24
q0 =   2.0000000000000000E+00
shat =   1.0000000000000000E+00
s0   =   3.6000000000000010E-01
minor_r=   1.0000000000000000E+00
major_R=   3.0000000000000000E+00
trpeps =   2.0000000000000004E-01
beta =   0.0000000000000000E+00
Lref =   0.0000000000000000E+00
Bref =   0.0000000000000000E+00
Cy =   3.0618621784789740E-01
Cxy =   1.0000000000000000E+00
magn_geometry = 'miller'

sign_Ip_CW =   1
sign_Bt_CW =   1
/
  9.9999999992180799E-01 -3.2056935798396720E+00  1.1120606914696786E-03  1.1855247312046087E+01  2.5479867954416320E+00  4.1666677496186191E+00  1.2564935269605695E+00  4.9655248655920220E-01  0.0000000000000000E+00 -9.8619556987241606E-05  3.8400001419752008E+00  2.4000000443672174E+00  0.0000000000000000E+00 -2.3073937579323582E-04 -9.9999992601554055E-01 -3.8456562630702465E-04
  9.9999999955011276E-01 -2.8284958281310013E+00  1.8074109515046222E-01  9.5612251512904400E+00  2.0113332403951634E+00  4.1519884075066447E+00  1.2493344211508792E+00  4.8885835209052814E-01  0.0000000000000000E+00 -5.4280492814829731E-02  3.8841352153935271E+00  2.4137528505185086E+00  0.0000000000000000E+00 -1.2772736482067865E-01 -9.7707858224936162E-01 -2.1287894131992222E-01
  9.9999999962062425E-01 -2.4588083883834564E+00  3.4810584378747977E-01  7.5546951850252846E+00  1.5827868086468413E+00  4.1035783130183292E+00  1.2283959009491927E+00  4.6528501843983283E-01  0.0000000000000000E+00 -1.0476424465349812E-01  4.0176771438459085E+00  2.4548962740295495E+00  0.0000000000000000E+00 -2.5072281094140786E-01 -9.0850620977841956E-01 -4.1787135148974736E-01
  9.9999999988098598E-01 -2.1036163068274911E+00  4.9179977230294336E-01  5.8534763298439607E+00  1.2737599206309991E+00  4.0113344279542478E+00  1.1951044980386769E+00  4.2475210653553774E-01  0.0000000000000000E+00 -1.4811044628962927E-01  4.2446314699416909E+00  2.5232810397120478E+00  0.0000000000000000E+00 -3.6433368342701689E-01 -7.9453160043263682E-01 -6.0722280567556486E-01
  1.0000000000830744E+00 -1.7689171614163333E+00  6.0202887579700670E-01  4.4555460689387498E+00  1.0788592954061869E+00  3.8632470657678084E+00  1.1517283293387930E+00  3.6635378278202746E-01  0.0000000000000000E+00 -1.8136598286216765E-01  4.5703730776382558E+00  2.6183123604065299E+00  0.0000000000000000E+00 -4.6294119036318659E-01 -6.3614606601553803E-01 -7.7156865063736113E-01
  1.0000000000690197E+00 -1.4593124626601233E+00  6.7127891866643541E-01  3.3422839920241594E+00  9.8029499602141290E-01  3.6511198074829627E+00  1.1012225608363979E+00  2.9040301576892552E-01  0.0000000000000000E+00 -2.0226524163235271E-01  4.9992119660910923E+00  2.7383969670241917E+00  0.0000000000000000E+00 -5.3996652959124369E-01 -4.3600505497471914E-01 -8.9994421601646679E-01
  1.0000000000062403E+00 -1.1776941396798206E+00  6.9482740115344543E-01  2.4832312612316891E+00  9.5344797385744395E-01  3.3760279039745988E+00  1.0470280677283643E+00  1.9939244466513695E-01  0.0000000000000000E+00 -2.0938445402932210E-01  5.5301269821160535E+00  2.8801372316564775E+00  0.0000000000000000E+00 -5.8790553387855382E-01 -1.9977128057316090E-01 -9.7984255646731322E-01
  1.0000000001259692E+00 -9.2504748345239407E-01  6.7106535039838000E-01  1.8414381770351027E+00  9.7232074358838272E-01  3.0518306083368199E+00  9.9283701133991209E-01  9.8543279151028090E-02  0.0000000000000000E+00 -2.0223868213409199E-01  6.1502934040518236E+00  3.0373409596354364E+00  0.0000000000000000E+00 -5.9883691647999704E-01  6.2234932729647363E-02 -9.9806152752952437E-01
  1.0000000002157350E+00 -7.0038398367735133E-01  6.0160699635266057E-01  1.3785448556064699E+00  1.0138040856537156E+00  2.7055374294555312E+00  9.4234130352615697E-01 -4.2877227386379120E-03  0.0000000000000000E+00 -1.8131484773721143E-01  6.8270848089935683E+00  3.2000980002631780E+00  0.0000000000000000E+00 -5.6565076660289471E-01  3.3349666714127152E-01 -9.4275127777318279E-01
  1.0000000000860594E+00 -5.0080864982843543E-01  4.9117983854052327E-01  1.0589763063790336E+00  1.0601386022085850E+00  2.3741519950842420E+00  8.9898109214270194E-01 -9.9407277405685335E-02  0.0000000000000000E+00 -1.4803855018411027E-01  7.5015435823470504E+00  3.3544471036816712E+00  0.0000000000000000E+00 -4.8411491381789640E-01  5.9074517282819894E-01 -8.0685818973121703E-01
  1.0000000000367770E+00 -3.2171722980142087E-01  3.4730258971242450E-01  8.5295646915187384E-01  1.0995037845142110E+00  2.0985608481638200E+00  8.6571039869768318E-01 -1.7666554406511759E-01  0.0000000000000000E+00 -1.0467691831623241E-01  8.0892169506003917E+00  3.4833640960352712E+00  0.0000000000000000E+00 -3.5547032166125053E-01  8.0560682674027284E-01 -5.9245053611296838E-01
  1.0000000000142200E+00 -1.5710989287650368E-01  1.7977293227761537E-01  7.3836358288144999E-01  1.1251757693289135E+00  1.9158450779360041E+00  8.4479587188947314E-01 -2.2713029549624209E-01  0.0000000000000000E+00 -5.4184104930468456E-02  8.4947027308791228E+00  3.5696013919317178E+00  0.0000000000000000E+00 -1.8855835575630428E-01  9.4933565322627855E-01 -3.1426392626274191E-01
  1.0000000000000002E+00  2.6435589797212164E-16 -3.0845730939880780E-16  7.0167824074074081E-01  1.1340230290662856E+00  1.8518518518518505E+00  8.3766236679269579E-01 -2.4467801091882929E-01  0.0000000000000000E+00  2.0318410208658680E-16  8.6400000000000237E+00  3.6000000000000005E+00  0.0000000000000000E+00  3.2628795025607076E-16  1.0000000000000002E+00  5.4381325042678525E-16
  1.0000000000142195E+00  1.5710989287651278E-01 -1.7977293227760108E-01  7.3836358288145321E-01  1.1251757693289148E+00  1.9158450779359999E+00  8.4479587188947314E-01 -2.2713029549624197E-01  0.0000000000000000E+00  5.4184104930459276E-02  8.4947027308790943E+00  3.5696013919317169E+00  0.0000000000000000E+00  1.8855835575630545E-01  9.4933565322627766E-01  3.1426392626274369E-01
  1.0000000000367770E+00  3.2171722980142520E-01 -3.4730258971241823E-01  8.5295646915187628E-01  1.0995037845142115E+00  2.0985608481638156E+00  8.6571039869768307E-01 -1.7666554406512230E-01  0.0000000000000000E+00  1.0467691831624722E-01  8.0892169506005729E+00  3.4833640960352721E+00  0.0000000000000000E+00  3.5547032166124998E-01  8.0560682674027362E-01  5.9245053611296750E-01
  1.0000000000860596E+00  5.0080864982844309E-01 -4.9117983854051167E-01  1.0589763063790418E+00  1.0601386022085877E+00  2.3741519950842322E+00  8.9898109214270205E-01 -9.9407277405687111E-02  0.0000000000000000E+00  1.4803855018409826E-01  7.5015435823470700E+00  3.3544471036816708E+00  0.0000000000000000E+00  4.8411491381789684E-01  5.9074517282819783E-01  8.0685818973121726E-01
  1.0000000002157354E+00  7.0038398367735022E-01 -6.0160699635266468E-01  1.3785448556064679E+00  1.0138040856537129E+00  2.7055374294555348E+00  9.4234130352615708E-01 -4.2877227386371652E-03  0.0000000000000000E+00  1.8131484773723575E-01  6.8270848089936296E+00  3.2000980002631780E+00  0.0000000000000000E+00  5.6565076660289482E-01  3.3349666714127141E-01  9.4275127777318346E-01
  1.0000000001259690E+00  9.2504748345240473E-01 -6.7106535039836290E-01  1.8414381770351229E+00  9.7232074358839260E-01  3.0518306083367976E+00  9.9283701133991242E-01  9.8543279151027993E-02  0.0000000000000000E+00  2.0223868213409416E-01  6.1502934040519985E+00  3.0373409596354355E+00  0.0000000000000000E+00  5.9883691647999704E-01  6.2234932729646184E-02  9.9806152752952437E-01
  1.0000000000062395E+00  1.1776941396798277E+00 -6.9482740115343211E-01  2.4832312612317078E+00  9.5344797385745528E-01  3.3760279039745864E+00  1.0470280677283641E+00  1.9939244466512290E-01  0.0000000000000000E+00  2.0938445402932573E-01  5.5301269821157462E+00  2.8801372316564775E+00  0.0000000000000000E+00  5.8790553387855371E-01 -1.9977128057316043E-01  9.7984255646731300E-01
  1.0000000000690201E+00  1.4593124626601215E+00 -6.7127891866643941E-01  3.3422839920241509E+00  9.8029499602140480E-01  3.6511198074829587E+00  1.1012225608363970E+00  2.9040301576893085E-01  0.0000000000000000E+00  2.0226524163236997E-01  4.9992119660912087E+00  2.7383969670241939E+00  0.0000000000000000E+00  5.3996652959124491E-01 -4.3600505497471492E-01  8.9994421601646890E-01
  1.0000000000830744E+00  1.7689171614163373E+00 -6.0202887579700060E-01  4.4555460689387658E+00  1.0788592954061953E+00  3.8632470657678004E+00  1.1517283293387930E+00  3.6635378278198311E-01  0.0000000000000000E+00  1.8136598286217512E-01  4.5703730776377176E+00  2.6183123604065299E+00  0.0000000000000000E+00  4.6294119036318659E-01 -6.3614606601553803E-01  7.7156865063736091E-01
  9.9999999988098653E-01  2.1036163068274973E+00 -4.9179977230293759E-01  5.8534763298439829E+00  1.2737599206310088E+00  4.0113344279542460E+00  1.1951044980386771E+00  4.2475210653550999E-01  0.0000000000000000E+00  1.4811044628966735E-01  4.2446314699414298E+00  2.5232810397120486E+00  0.0000000000000000E+00  3.6433368342701744E-01 -7.9453160043263682E-01  6.0722280567556552E-01
  9.9999999962062391E-01  2.4588083883834582E+00 -3.4810584378747556E-01  7.5546951850252935E+00  1.5827868086468506E+00  4.1035783130183265E+00  1.2283959009491925E+00  4.6528501843984332E-01  0.0000000000000000E+00  1.0476424465349514E-01  4.0176771438460008E+00  2.4548962740295490E+00  0.0000000000000000E+00  2.5072281094140803E-01 -9.0850620977841934E-01  4.1787135148974758E-01
  9.9999999955011232E-01  2.8284958281309969E+00 -1.8074109515046655E-01  9.5612251512904169E+00  2.0113332403951514E+00  4.1519884075066456E+00  1.2493344211508788E+00  4.8885835209057060E-01  0.0000000000000000E+00  5.4280492814829245E-02  3.8841352153938646E+00  2.4137528505185095E+00  0.0000000000000000E+00  1.2772736482067995E-01 -9.7707858224936128E-01  2.1287894131992446E-01
